1000
1570
1411
57
1479
1497
911
1173
1557
286
321
916
110
766
1562
249
657
1651
1458
13
1466
345
392
1956
1048
344
1741
1377
1525
235
1969
1022
1861
1908
1992
1873
1198
67
206
1049
1187
44
797
12
1941
1339
1486
1401
656
444
1441
1251
446
1698
525
1316
512
118
1386
270
755
1305
1670
1678
1903
1106
99
655
763
410
1741
438
1084
1682
331
904
1287
262
293
580
1592
408
570
1516
508
1581
11
1298
1297
324
594
357
1540
1023
441
1781
1685
310
1338
1828
1777
741
333
1432
209
1950
1600
570
1790
408
215
1867
1232
724
700
1143
911
1047
52
567
1347
905
1628
185
726
740
1982
432
153
688
850
553
951
1257
456
153
159
1289
843
423
170
975
795
55
1925
1726
1067
1694
514
1475
1986
668
93
587
1101
1610
305
609
791
942
1281
1704
261
1923
629
1283
1047
831
819
1849
1625
1323
924
383
154
556
1282
1781
430
300
1569
244
1044
1838
990
311
823
1317
625
34
1005
1666
670
1362
1422
1501
1052
1217
1425
78
392
468
376
54
1480
791
1987
515
829
643
1637
392
640
1343
581
640
634
882
216
1221
563
1961
1864
1791
158
7
850
661
1044
1734
871
270
1976
1552
84
209
101
441
1464
255
948
910
785
59
125
1298
1667
277
1643
1247
1571
12
402
1929
96
754
488
1650
1345
1764
697
1530
107
1448
1705
706
681
1597
975
498
427
1327
1030
49
607
1837
114
13
368
1285
1830
851
988
1703
1192
1816
1215
246
1157
563
1985
1719
1905
550
1517
89
1226
1037
393
1102
555
1575
99
1555
747
1366
1124
1959
502
1785
752
915
111
1153
830
1303
920
1896
955
1173
125
1231
101
146
188
364
41
1077
1443
1093
1697
1267
1843
1637
1261
1096
117
1917
1830
1306
1556
1472
795
404
257
597
362
376
570
622
1997
799
1111
786
612
1832
1782
66
1890
58
357
1133
252
1554
270
1918
782
843
1253
1883
1602
29
1461
924
803
460
508
1480
1857
1239
675
491
1287
1191
1481
563
1211
1180
1875
940
1951
1367
1030
1342
56
824
1501
1424
1886
1076
1912
1019
868
1796
338
472
1202
884
1057
1014
1085
1732
1972
534
1853
1861
934
1903
1834
1635
156
1730
769
331
1363
704
110
949
299
1666
350
1642
1105
1278
1081
1832
1417
1735
611
1208
330
1175
756
805
1567
971
529
1312
664
1619
1181
1534
524
1575
1504
569
1918
1304
1514
195
1859
611
1614
337
1282
1365
599
1825
1059
503
1394
1302
53
1987
1874
1741
641
1015
850
932
1556
1365
846
1155
603
1922
1564
279
644
1505
1631
713
1383
991
378
480
1814
560
1670
1240
1696
1570
416
414
1204
624
808
236
743
595
579
1201
830
313
1938
850
1803
1987
725
392
899
594
1628
1133
1568
687
1775
1290
864
921
1875
1767
964
172
1163
1470
1781
1506
975
12
1420
1544
1353
761
1735
898
1205
556
915
207
78
413
855
1151
1549
264
1235
395
1696
1938
1120
1693
1028
1480
461
985
589
134
164
903
1960
802
504
75
1104
1751
1893
967
1120
739
274
859
600
1779
1452
746
1884
823
1134
1490
1872
271
551
799
779
71
1118
521
1840
1275
75
1184
799
1408
1947
1137
745
1605
453
869
1849
206
1419
46
1674
1444
1847
891
1360
1107
216
948
1177
1632
33
975
1342
1010
1208
758
985
698
1828
1051
1271
224
1571
1204
1819
1685
1054
1671
206
869
609
1748
1589
1708
155
933
448
1269
1355
1030
91
587
1865
1172
1241
911
1399
1395
1512
185
1041
1125
1549
443
1999
1205
1595
1087
1530
1110
1501
872
987
146
966
963
394
1998
1025
371
151
97
459
33
842
1633
1249
1089
1120
1541
134
800
1131
871
887
1803
985
691
1824
1612
642
1689
353
1490
445
1235
1396
382
848
1237
1999
992
187
656
166
1749
729
141
907
392
1222
1070
177
1299
1609
1082
1545
761
1011
1883
196
1859
559
1402
1165
1822
171
625
226
1880
1846
263
191
1239
407
1974
1621
179
1663
953
1765
405
1742
1709
711
232
1788
51
1007
1012
1595
758
1500
1248
109
1504
1793
705
647
1279
310
777
1812
1382
283
274
1121
1450
811
1948
652
1563
1457
1854
1150
1300
1550
979
995
584
329
1245
1525
1250
891
1898
1304
934
1986
1199
1929
786
746
1505
452
1545
1819
779
572
630
933
1577
1175
446
323
560
964
951
1675
827
1991
1235
1906
466
1638
1071
1624
1384
1446
1884
252
1766
440
754
203
1161
1848
728
100
304
42
1071
1538
1222
782
695
271
82
343
1083
1318
350
1836
109
1458
265
831
1340
1412
21
1347
1251
182
1814
1237
686
660
1407
438
1983
1316
1591
1602
1439
1128
211
1536
811
1005
1497
577
1662
538
1930
1298
1873
814
1707
934
486
90
378
1790
1396
356
1272
913
2
335
1156
615
1136
1217
279
1375
1736
805
886
943
842
961
1064
1303
1253
1860
422
281
484
78
390
1856
38
494
18
1936
651
1970
1325
1980
306
1499
1813
49
1427
1780
1058
958
788
1591
1394
199
202
1093
758
1481
1696
359
1076
954
1034
277
1804
1895
1499
1971
307
608
918
1442
1948
1104
1241
127
531
1255
502
1222
1443
83
1766
824
397
1237
88
1848
583
1557
315
578
822
902
1278
358
905
1751
1993
532
1204
1292
1961
1254
1498
501
786
1096
1805
681
