10000
11442
11450
3285
4576
10033
15034
7353
7309
9124
6030
13508
13414
3769
3040
9344
3770
12112
14954
4139
12634
5416
7879
13083
16798
16146
1095
8477
13135
821
11195
1171
3157
5305
4553
11910
5450
7924
14282
6505
9710
4270
6476
144
11508
13827
4182
3798
2893
12141
9901
16524
12236
504
5273
6197
10792
15754
16532
2821
4583
18216
17571
18474
13725
8287
15517
9441
2881
9197
15628
18872
12583
3835
18204
10107
10944
16673
12582
16663
10465
6837
4300
9751
18613
16963
14901
5239
4
19467
5215
5330
9330
18404
13874
18015
4012
17093
16032
10638
3061
8728
10734
8303
5518
10684
1566
135
10996
12428
5236
15628
6564
11303
6904
15462
16139
17136
6808
15580
12126
6501
1931
8016
15097
16633
8118
14397
18870
15152
937
7439
8766
1764
9196
3599
19623
18496
2286
7597
8159
3284
13515
10053
4401
9840
17890
14265
17686
17732
17354
5422
10896
8772
415
14233
4220
434
15776
11155
8498
11366
14545
936
1252
1681
18992
16387
6491
9542
18052
13507
1882
4645
18209
3706
3491
15811
7275
11852
18757
214
2511
14574
8495
15696
10397
4309
3556
13788
8197
16581
18119
17642
5343
4324
7416
4096
6994
10749
2893
7607
4025
15331
19475
5499
12123
10999
2785
12086
19375
6391
7813
19911
9207
7930
2927
12791
10282
10021
7653
4316
15410
9653
3258
8260
1465
271
15303
3278
3805
13035
9218
1111
9443
2983
9539
15405
2874
8086
18604
9395
6466
17908
13677
18869
6432
2533
3512
2600
3932
18307
6980
6834
8937
7719
12520
9288
7494
8547
2901
3907
4288
4849
16401
1892
10883
10077
16195
9089
16085
8946
10984
4290
13567
6076
13214
15076
9056
4328
1940
6233
4544
3387
737
11232
1348
13262
8957
14860
7434
13433
15300
13160
8368
11843
592
11242
10323
4523
588
13800
2860
2661
15348
16522
8624
18670
11916
12638
16270
7846
7859
13951
4413
8040
8576
9846
4958
5789
6185
15623
5034
11677
16192
9014
16926
11855
7750
10590
17106
8939
5070
10133
17585
6666
15336
7380
9437
7801
7441
656
10532
9650
19237
13230
16768
5227
10952
19347
5006
13741
13098
8317
4899
19175
236
6117
4298
9761
11329
2479
18888
514
3193
528
6327
6952
2555
6660
14362
17593
2454
17741
3283
9332
158
4052
2809
10565
2394
7708
1552
6968
11808
13767
11670
15110
7604
10486
9264
14896
2945
13204
16583
11827
4302
1063
14354
3060
4384
5569
7538
17387
7247
3620
17216
4724
15885
9970
17949
15663
15018
5209
10548
9018
3909
6614
2437
4959
11998
13988
2607
1191
3169
2855
8385
5826
8707
14703
1558
15629
6473
14387
12439
14525
8771
18786
19540
5111
13832
10734
3230
10545
16666
4716
12226
5695
4499
5315
12984
16856
14761
12141
5713
3963
10827
1529
5627
11511
19187
2954
7714
19087
17957
19407
12361
3352
16681
10561
2416
14332
11850
6240
116
1155
6095
17504
10894
5252
14500
2788
17122
15194
4246
18846
10873
2400
8763
9714
8276
15519
9325
17338
17746
17917
4461
11515
19277
8148
1672
7405
5631
6291
7603
13113
11521
10274
12701
11335
11518
18713
332
4749
5120
14029
2014
141
14652
14477
13549
18961
579
17430
444
6052
1720
5389
12772
739
16903
4291
7773
1504
9519
3631
12734
1675
454
12240
914
15078
17271
5446
14749
9121
18221
12806
4997
3974
16658
12648
3845
16306
9818
12697
5117
14120
18832
8330
19936
16390
17699
2513
14570
19440
12787
5149
1557
17060
15330
9468
2426
2114
10333
1400
7267
8296
19660
5169
16661
19775
6749
13088
16641
3368
14815
1667
7874
6670
14474
13823
14552
19708
7512
5478
6513
19415
15280
17535
1830
5237
11043
13057
10843
16551
4029
5948
12288
19085
6428
4072
16207
870
12191
15643
11959
11671
11425
8500
3659
19280
13062
12965
19176
18354
10688
3424
9894
11144
9202
18279
12817
14751
1212
13468
10471
7911
1124
15965
3489
894
10173
2773
17760
11847
8021
17355
4611
14751
13607
14275
1446
8232
7421
14357
13709
4109
19215
18073
4217
9139
17687
19492
3750
7645
15131
15659
18107
19786
13728
7822
4109
4553
8215
6071
7888
14488
13637
17390
5143
1749
19735
15672
7249
9962
9095
17822
606
12204
2677
4851
11140
6889
10295
9528
12342
10328
15210
662
14641
15995
14426
14995
18381
5012
3487
1139
14554
7528
17932
16627
8359
4378
9468
577
10395
18482
14895
18144
229
19592
1407
16835
1179
15750
15608
15426
15843
8546
15945
6009
10027
18034
7487
17401
294
5964
15495
17900
10970
4789
18452
6801
1180
2322
8040
8541
7379
16329
9409
19695
14025
3326
12951
17712
2106
5602
8872
16822
13037
3023
14905
13316
16470
9155
12367
15552
2674
15399
18669
7577
9604
6197
10524
15021
2274
8837
16092
3869
3848
7157
1649
15806
224
4218
9515
2209
2746
15089
10552
13490
18904
6268
17907
16440
5602
15659
6057
1430
10481
17527
14920
4966
3234
1620
10794
9541
9399
12666
10361
17665
7950
18128
7261
8907
10899
7095
190
2446
15114
723
5797
14069
3284
19732
11725
6687
14089
12369
13522
885
18039
19595
5715
8310
18316
809
16888
9248
7353
8486
6885
19721
11682
19211
1181
14650
6895
479
10259
17893
3926
13029
12864
170
1329
6734
5674
3321
18830
12835
11184
13045
19268
14575
3974
19778
5896
18668
4564
13796
3282
1602
14431
1211
4063
13694
13364
19339
8685
14963
3539
10476
16765
1653
18981
13097
12050
8973
15618
1942
14106
10818
5176
6917
17474
17799
10962
10809
7710
821
478
6309
6318
13
824
1613
9197
18417
9171
10528
9947
17422
16802
12031
16096
7017
12466
15060
10930
7457
8019
13750
9260
11625
16491
4657
15559
940
16505
18494
2157
10404
18473
4206
15468
394
18193
16561
19127
5198
11027
14118
17212
3774
5093
9692
18339
6188
1820
12638
4902
11890
4690
19507
12328
1309
11673
19642
1909
8982
10900
1008
18784
18718
7016
6735
7528
12707
2565
98
8007
7235
9414
5233
954
12324
16734
6392
4060
9091
4669
4931
13993
16445
8612
3531
8129
4895
19821
3108
5043
18104
3422
14261
2172
3470
6081
18371
16698
4346
6605
9932
6492
16891
10738
13442
19738
7043
4867
17360
7268
1128
10810
18304
11736
16135
12991
3736
7036
2906
18611
2904
7349
19065
7835
17538
3045
9392
12558
14403
9747
15339
19598
14583
13604
13710
14781
13296
15771
14776
14190
9956
16220
9014
15914
3458
17683
9769
10323
12923
3528
5131
130
4398
7217
12569
14439
6532
7480
16435
8666
1071
993
15565
16
12724
9552
5261
15102
13588
12787
6652
12635
19690
9238
19419
18609
10732
16307
14024
7923
16889
7909
2995
13333
16651
13591
1062
11928
16898
9703
3062
11179
4986
17313
14266
9661
16170
14226
10283
9800
2046
7877
9967
11921
2424
7728
17627
1307
19071
16599
6858
16703
1401
15305
13462
16065
5115
14313
631
16575
13878
3816
5721
4003
16646
12109
3370
9678
27
9514
17378
4167
6785
8965
3496
7649
4523
6945
13904
6020
18774
2276
14318
13700
15605
12511
12649
14566
11215
2846
10008
7260
5015
155
416
12718
19727
1452
11843
8978
5528
44
9296
12749
6539
94
10238
14178
15252
9822
9752
14655
16867
6630
7123
12791
3214
15547
15497
6491
1528
19978
10819
11648
10946
11453
3559
7379
10437
6225
14471
15565
5122
3801
13531
18981
9265
2718
19430
5814
9499
9200
15276
8835
4917
8277
14629
16866
9458
825
7465
14737
15047
8986
8614
15208
7663
14968
14899
936
7770
1098
17291
19346
15689
14995
2466
13039
1593
10817
9764
15121
14779
8148
115
19961
1057
4296
5085
4952
2789
13915
886
8133
13289
1260
4740
3626
11884
1284
17651
11780
12192
18004
16181
1512
18202
13171
4104
4763
6909
548
8702
9726
15925
3813
15478
208
235
17247
2481
1933
1525
119
12203
12363
19837
7369
7998
17163
1471
3854
10381
16580
1062
9092
12708
2044
5670
12881
10951
15584
10911
18738
17433
7700
3240
15002
19713
16980
236
12032
17172
5958
15191
17784
15745
971
8821
13826
19008
5979
12775
16216
5917
6917
9829
13442
18286
8289
8830
9813
3800
19337
717
12974
3540
5570
2669
6202
7657
2514
10380
12727
19679
13572
13154
16912
13046
17307
5200
1778
4897
10032
2476
2788
13182
5724
5955
7765
9283
18974
5088
18496
11284
18149
5429
10925
13992
17500
14165
11354
2995
1619
19873
3731
19919
202
19553
2311
1082
6380
10392
6131
3124
11692
417
17764
8189
12792
16412
16712
10471
2535
18591
4760
9614
17030
8086
7142
6500
16492
6442
2828
5595
1784
6795
10028
18047
13921
1746
7166
19776
16970
17429
10040
4741
17501
8988
2567
15010
7221
19403
15462
15305
3350
13318
469
6647
11323
12463
9725
17435
1732
11727
6849
4771
13528
8679
16393
16757
2920
15823
15298
11923
11953
8044
3457
8692
807
13070
1472
9330
8525
12058
9993
4608
12437
6219
15916
16530
11392
14545
2595
16238
18360
5563
3852
19770
16836
15451
7715
15962
12090
13858
7774
10418
501
4330
11363
10005
4401
15559
17088
12302
4682
8356
12902
3208
17680
1206
4239
14925
15547
6425
11238
14259
258
1158
14075
16561
15016
6018
989
1920
13103
8743
1334
2019
15920
13430
605
6391
2841
6477
13975
1269
10190
10561
1587
4542
15804
16026
16257
16919
7575
7485
2923
1389
5131
2742
6805
1876
10099
13583
18451
14809
19704
10760
7892
9416
19899
118
19246
18615
5031
5480
7733
5395
8855
2991
12528
861
13088
16817
6332
15768
12663
11478
387
16808
17225
7863
16154
18122
6190
17454
15849
18299
9671
17283
15674
16636
10109
13375
19377
15115
2856
18146
205
7844
5826
9641
1866
7957
12461
5845
13547
13564
9996
19262
3511
1803
14885
9884
2020
14476
18360
6714
4381
8592
15286
14541
17182
16910
13934
7329
3378
3544
14664
19428
16632
9757
14497
2837
10952
12156
14889
8599
15096
13217
1933
16138
18849
6443
11979
13799
3370
16410
15977
15274
277
2928
17400
6008
18282
3958
6088
15048
87
16952
6762
17944
17296
1318
11771
9026
18108
10111
18687
2759
10161
11843
14346
5345
8189
18341
2445
3370
2638
14015
866
8371
18414
11415
11415
3801
13423
17621
2655
12657
8783
1313
10673
8763
7397
3243
10553
4023
3796
18496
16016
1379
936
8358
7865
18379
6084
15868
11476
16739
17931
2525
15389
10453
11890
14632
1992
13339
8731
1328
7490
15677
7863
19549
10214
9102
7914
13090
19994
17445
10482
2218
8559
1400
17234
13746
16950
16366
7630
3764
8010
15254
5804
10144
18331
18197
13812
17866
15758
19439
18366
10428
18857
16452
6044
19415
2067
8519
10557
13671
10336
19668
17194
9789
18108
1142
2807
7256
18039
4883
16922
19354
18954
17886
17217
6022
17114
18241
304
489
8776
7308
12990
6555
8832
10906
9990
4614
16142
2339
1856
1912
10159
3204
19941
17332
6356
2928
17460
4074
17262
5099
10783
14280
10149
2687
11252
11076
1014
17079
4278
8388
165
16569
10468
10532
6635
12661
8278
5058
3121
9990
4370
2317
18434
18615
3712
11050
309
5468
7927
15052
12398
11426
6253
5308
4698
125
6273
10878
15331
18099
17808
4263
12033
4737
18383
10891
15000
1191
15060
2181
10531
10528
6269
18811
4631
4589
2863
9174
8775
17644
1642
9322
14114
1209
11547
6119
1526
10972
11576
17564
7161
8469
4180
17360
6760
9160
16407
14023
14570
16910
16401
19586
1485
6965
6738
5066
19603
2379
6073
15938
11631
19403
11784
6316
16369
256
14945
6092
34
7843
7485
3729
1363
18253
9013
13892
4435
8943
16930
14258
13544
5527
18704
14085
9234
4725
14220
333
10990
15946
15693
11793
11870
5357
7514
11871
2589
16966
16218
13959
14672
19385
12845
702
7464
7414
5708
7034
19404
16812
342
11280
17182
8385
14414
7180
16202
13798
16845
16406
1924
10280
9494
3964
17337
8238
13969
9757
4681
18910
19848
1841
6961
14341
350
12309
11379
15467
3394
13262
8912
4535
11515
2838
1444
4413
17825
13091
16880
5101
19585
15541
9774
3317
16351
16441
855
17683
10840
18197
7087
4320
15244
2687
9658
7947
1953
9432
9167
13687
15767
2017
13653
13364
15100
919
15256
2678
5989
13115
1188
14932
8216
13746
11980
8268
12470
11760
2398
7768
18736
2995
14806
9653
17334
10410
17152
8288
18522
6761
11794
11586
10258
14699
11421
18657
10750
1990
8908
14188
1064
5446
13091
15724
19467
8393
6604
9172
7898
16916
17473
16873
13729
13078
13247
18336
9142
11879
18997
17359
13141
9966
4185
6605
17255
14966
13419
11158
2433
14891
780
14706
12994
5736
12277
15678
16147
5148
18355
12632
13213
3218
8042
19628
10117
2296
2184
18520
4453
8816
281
15339
19209
5571
1359
7996
15801
12512
1928
6528
16487
6047
4623
15243
10504
4553
14834
2359
671
4233
6602
11418
5639
415
5540
2131
10543
16056
609
9088
2900
19107
5362
16814
4544
17659
15250
10117
16336
1392
12725
1694
9095
7286
16293
19747
3481
11485
19076
7224
19548
1568
10061
3077
1868
13694
2029
15486
13522
14610
14564
10854
6804
8240
15725
13902
17879
19407
6209
11652
1827
13050
11674
18500
17561
15918
3090
11542
8323
13079
13521
1980
16506
177
2314
16812
528
9456
15835
7544
7968
9756
726
9952
17854
7049
11237
16190
14240
13376
15550
15354
14168
7305
18569
11773
1630
17497
3204
12496
13313
15016
15627
7887
5347
12326
18225
13907
14238
7782
14023
3461
19817
16602
8010
4790
19333
12421
3350
10286
13356
6219
5824
2958
13486
3566
16968
18126
2067
1749
16705
6251
2471
16498
17288
1537
8561
5424
17822
2543
14406
6515
15381
18862
12138
12744
16706
11003
6785
927
11086
7886
9566
17847
13420
2379
2327
5905
10186
7766
3303
8683
3173
9577
16731
9309
8114
4907
18237
15
5257
6800
3156
4429
3896
13382
4329
6094
7945
11174
9621
11545
19138
18754
3992
17693
10724
2494
11076
14313
8655
17965
10971
7691
17295
16325
16436
2562
1808
3901
19692
3623
9496
7925
3529
13110
12855
8796
7948
1220
927
546
11596
14814
15856
7776
19519
4901
15903
3092
13521
16347
17048
6579
9503
14174
14582
8416
4560
12182
14380
8442
14707
14740
6862
7799
18561
4486
19133
421
12122
17217
7759
9470
9913
14737
16150
7918
7305
4879
6426
6188
2534
7049
18574
18813
11646
12226
5497
12199
19070
4112
10043
7312
6093
10970
3195
12064
12494
2758
4532
12646
19520
9303
19444
4055
4765
1230
7404
8697
3886
7435
10812
2597
12140
4328
17238
10892
18314
14779
7710
1175
19717
8536
2205
13339
12211
11424
8673
9908
931
5045
14737
2549
10934
16000
17128
15278
17336
5124
4742
8918
10275
18474
13855
16136
7294
11000
1812
18142
14591
16414
4151
235
52
12376
18892
17166
9178
16648
1988
3578
10338
2021
404
17885
14551
12982
13884
3933
11966
11977
11449
874
7761
10794
15179
15268
12897
8081
13476
7427
15132
565
3456
19071
4358
19163
17301
15796
11077
8948
14226
18525
9172
13681
16948
9466
6380
15627
15514
19920
2261
17708
11830
16388
1269
9371
14947
16106
17214
1047
7964
8870
1853
6022
15727
18087
16758
7106
18161
2368
11133
5913
916
2503
8587
14143
14055
10448
1687
16081
4042
8877
15069
17360
10847
11984
4796
6945
4886
5304
5757
3538
9005
16157
18779
15662
11929
15823
19316
13397
3009
399
9228
8323
7393
19622
14999
17292
460
17726
2207
9773
5963
4415
6024
11750
17240
11167
1596
11445
13703
20
15248
11152
6120
9665
2932
16618
8667
18695
15805
19553
19960
6349
1402
19620
11799
19345
7155
15745
1500
11364
7784
7881
3860
13387
13442
14233
9574
3980
14133
15805
14437
16559
12309
6499
11099
12539
8107
1000
2695
5617
18941
13393
15592
7305
15739
11523
15306
8480
18749
14756
7894
9794
3818
7755
5561
8476
2830
18106
1993
19509
18077
9333
18118
349
6022
17446
4669
16738
8002
421
19035
8081
15321
13477
17512
11168
17793
13535
10482
7571
5175
19513
3627
1176
19036
3359
4923
19337
9797
15391
17917
4906
15159
709
12500
2453
5049
18090
1395
1076
11723
17256
5093
1896
6170
8304
18618
2871
15152
19372
7339
6993
10946
16962
6902
12742
8567
13294
5204
7718
15401
15036
51
8659
10652
11714
7310
18807
2892
15846
6709
9310
13054
11453
13790
15858
11647
8952
18903
10324
15545
8052
16815
3530
11704
17507
16925
1959
2712
13410
3067
12752
5825
1788
18026
10478
8064
800
884
9876
3850
15665
15605
1256
2950
3244
15496
15226
5902
19708
11155
9339
508
12811
581
19964
6978
3662
6605
4879
19508
3011
5185
17710
14117
14658
12615
15387
993
1586
13772
5870
15524
10989
6866
14828
6992
15027
3459
15004
9640
6103
17227
18281
9532
16011
11748
7993
6784
233
15317
4361
17315
14355
19799
9624
8661
7159
14256
19677
7473
12858
5203
488
16886
11518
18767
11184
2403
16576
6556
5194
16301
1763
17629
1590
6246
17083
19522
8103
16365
17108
14958
13299
9959
3516
4466
238
15379
19283
6725
16894
13071
16692
15195
5395
16620
16945
9355
16970
12622
1139
12619
16529
13237
12146
19595
15692
12162
8422
14541
4655
19422
1636
1217
8624
983
17217
9348
7288
14534
18371
5244
4920
8598
10000
13416
8313
18618
14387
648
2021
15825
5841
111
2630
18148
14263
13305
15148
1646
7475
5317
8322
994
17857
17126
14984
9063
5676
3372
7410
2797
378
5494
6141
5204
6957
1161
8307
9458
5497
11013
15864
2053
4681
15587
9775
19050
3248
17742
6624
13562
12644
12861
10132
10890
13820
3360
16148
1288
5993
9524
13624
9491
8346
12458
17692
13086
4129
17085
14211
2028
17006
14581
7940
12393
4576
2458
12894
14692
19780
7994
15003
6482
7420
17565
6694
9366
8293
10682
4848
3047
16210
13376
18408
11169
7152
1239
2584
14118
6037
6921
13128
4434
4961
140
4559
19631
14372
18395
11678
11413
11015
9088
18320
3622
11675
8431
8307
11177
11275
12547
1131
18719
17862
1322
16408
8564
1125
19601
4985
12888
17615
161
13400
4703
17647
5662
14176
14729
13346
4560
15723
16073
3617
5554
1924
18439
17878
1858
2385
12628
5833
15050
18370
12425
3040
6951
14803
3082
16773
6545
9333
5894
5251
14456
3445
19955
12905
17508
9003
17817
11385
9732
17168
10184
4484
3227
11527
13885
5780
14566
6457
6378
12314
4644
10352
2352
3452
16318
19381
3923
8129
14147
13414
16773
4393
19666
7208
13174
7732
18192
13144
15014
2004
4418
15571
9884
19216
3502
17584
4719
17508
5969
4093
8970
18386
1956
12537
5167
13010
3978
4081
7266
4358
7295
3171
15109
18327
9982
4270
13570
5619
16860
5009
19265
4047
11882
10756
14054
397
15463
2631
14689
17286
9630
13064
9387
10235
17773
17
151
9190
13688
19657
5253
17975
16351
14561
5946
2053
682
17851
14998
6645
10363
4363
4387
19881
1184
16340
4846
1123
779
6259
8246
4368
15159
16394
10742
16896
9719
15021
14107
11107
4369
7765
6449
12907
476
3
4817
14654
1509
11588
19965
12443
14578
18046
15581
16730
18225
11451
4005
13501
1723
7342
1048
10905
4157
8124
16231
527
6235
1844
12788
5243
18603
17945
7182
7175
7025
1956
9525
16773
19770
13963
2241
10145
16368
16948
1769
5644
12235
5126
10825
19687
11480
13589
12258
12565
18959
9420
5439
6545
8085
7943
9298
11135
4262
16731
8541
3062
8742
4043
15955
11484
9381
1033
15541
4807
13649
5422
19515
19927
3979
14627
1169
10434
5596
2215
16964
17355
9002
5649
16372
19082
6108
17833
12648
8887
14088
2721
3303
13390
6877
10356
2583
3252
15797
3414
13982
12027
12564
4701
17448
15737
8620
7927
14613
5638
7993
377
13116
9278
19401
6775
7918
6530
14179
13100
13570
4466
1821
13544
793
8905
18603
5762
12856
18671
17360
18311
19404
12133
3410
10598
9090
13458
10714
12462
16919
5488
9566
12371
18079
14302
18359
19976
7269
1856
10318
16309
15154
9349
12887
7902
12155
11037
14017
12512
12526
19750
19878
18224
12365
17707
10090
18865
12616
1450
18486
13650
17113
469
16527
19666
9455
14158
6348
12487
9507
14209
4654
17459
4926
13885
12702
17640
6884
9205
14324
5578
6768
16434
18761
67
16581
9217
10182
164
19595
2284
7457
16358
1584
10723
10817
9876
15601
3160
1214
10378
6021
5932
14423
12740
5534
12773
8781
14740
14735
3123
19584
6248
11416
10448
17712
4402
9816
14215
13738
9042
16842
251
14947
13360
18637
16431
13786
4762
7439
16382
495
2515
4541
16524
934
16590
15967
8521
11280
6513
7674
3243
14431
14022
8683
7372
16027
8165
6164
7708
14504
10763
18664
11092
12472
19327
6910
200
3951
4838
10405
12494
13788
14070
14949
355
13417
3672
2791
18981
16001
2629
14413
3980
17418
16391
15246
17735
5660
3742
6859
13945
17888
14300
7934
5625
3091
15144
1279
18548
8305
16404
9827
1962
16478
19336
18142
16777
7396
3431
7244
17843
7394
19328
17895
4074
8792
15095
10171
16839
9026
15769
1282
16403
11027
14372
9583
14786
16318
11430
10354
15466
2206
2717
3269
18309
17949
14629
8945
12996
12858
9540
18881
2313
12983
53
19317
14611
8782
2159
6262
8126
4441
3693
15275
8700
2219
9988
18003
2090
11708
16573
17814
16745
14428
15470
2668
12039
18811
1200
19429
2370
4343
14433
12975
6845
13615
12113
7419
8170
2109
14254
10547
14323
13553
12775
8493
19001
18586
12126
9110
6453
3666
16978
3324
16290
1223
4418
2746
9541
13408
8698
18844
1794
8277
12918
11986
3088
6281
12454
1287
15289
16280
8280
4615
4234
19361
3124
1126
16079
11375
15381
13854
11916
3100
15844
16801
4422
19902
3690
13453
2271
13156
17961
8794
15734
13466
1404
17885
244
13598
338
13608
2086
17780
12446
8296
17780
7401
2108
6543
3663
4607
2581
14783
11630
9260
6264
72
9271
19285
1231
12361
4021
1429
6828
16505
10623
12897
2849
13904
15049
10612
4790
952
14296
6785
12345
17908
10431
8813
15535
19152
12782
1639
1040
489
18210
19806
3174
6906
6149
664
4117
18857
16334
12937
7215
15629
3372
6226
3988
2881
10714
7843
8315
9156
4433
6436
12674
12540
4375
15096
11817
17537
4638
8035
15183
5915
6353
8297
7927
13541
15991
14462
343
7788
16844
7098
13885
712
4819
201
14241
10182
4375
16208
6069
1466
8805
3622
764
17429
1423
4811
8370
1250
3986
17891
3522
12691
14132
19265
16354
17277
3626
15986
19558
5935
12424
5755
4450
6290
3530
9155
6265
17714
17922
8817
11397
6176
9862
15865
17215
572
18577
15888
8846
19037
2937
18179
3608
3451
19552
19704
8119
16825
4078
2727
12396
18445
3096
15467
14572
7123
10965
10706
19140
17211
13028
477
3649
8089
7524
16824
7074
8374
19295
19822
9580
9800
15237
2915
7595
4313
11668
6211
17363
17026
16854
3022
11831
6286
2800
17325
19622
13577
11744
2805
12473
3852
6632
11962
9152
6408
3010
18911
15806
8940
17500
9102
9034
4613
2748
14545
14055
13626
19339
17742
6294
10130
7997
8872
6351
19976
8160
5370
18865
3378
9837
12545
6167
6215
18147
10841
14647
9717
6770
11769
6879
710
19486
3585
3158
15830
6418
17280
1126
1398
3264
9488
12688
4863
2239
16737
2363
9542
12787
19711
5519
12325
4477
6016
1866
3664
12700
3356
14759
16058
2869
9012
4208
18005
7240
15939
1455
318
16904
13855
6345
16195
15345
18765
7246
14436
10722
10339
18510
13328
3866
1943
18146
11650
2576
3800
16182
8446
2285
16760
18067
14070
2034
3970
2881
5177
5989
16626
3786
8288
16839
2380
3151
12388
4634
8430
12735
6135
11382
357
1170
8758
13250
13814
14112
3634
2799
9019
10893
19663
2775
15399
7791
10379
10864
6519
12598
1810
13794
17841
10533
12559
3216
2829
3305
4400
7396
4037
15277
5423
4764
7755
11778
1514
15107
4933
19013
7221
3553
13463
2548
14966
13601
18053
4391
14175
3426
4600
5513
6666
19402
5197
10191
11487
3303
19500
10428
13498
19528
2988
7626
6235
18947
3645
4433
14309
1712
3251
18229
19439
2068
17378
11745
2863
7350
13954
3510
9005
5971
11057
19441
14091
12789
15512
18326
9114
5612
4143
9615
11409
18907
2900
14027
16479
18365
17408
2830
18377
17358
12864
10843
10824
15769
15405
7204
18321
6620
2658
16712
12678
11311
4643
19172
4643
11108
18819
3940
11463
1041
1855
13922
17173
1947
6666
13020
14530
4564
8783
54
17496
14090
9593
3719
11912
13132
12873
15566
8391
14012
15936
16736
2853
19022
14107
15288
10357
8994
17300
9399
5960
3219
13508
7595
9913
5433
12934
18091
4796
5168
4979
18635
4701
17916
9179
13014
9704
14190
19393
1703
5293
12914
19524
4911
12563
8753
12510
977
16640
12044
17778
18777
490
19368
4678
1023
3627
13321
18910
18672
16457
10492
15407
10163
7805
382
7909
1510
16051
1951
2228
13838
17490
914
1869
9177
3081
15824
2226
19029
14077
9531
14920
10647
7088
15356
2715
14116
18920
16131
10045
10138
10645
12388
908
6640
12872
15502
12662
708
14549
7388
16436
4181
5852
6614
0
16035
6991
5125
11279
6488
740
5841
618
14622
16364
13723
13100
5609
3797
18041
237
15295
19205
4002
13503
13840
9592
12851
15484
14133
12670
17913
18859
10232
14576
11243
4854
15663
11663
18533
11205
13121
10411
16157
12144
14682
5531
2931
19172
11620
11737
17680
10091
4964
14122
14827
16258
7755
586
18032
3236
7572
2139
9583
7670
7438
10423
5683
12138
13838
2302
15587
12104
17564
10921
12073
17661
3723
9550
3343
15653
13016
6673
6687
16146
5206
9408
8391
19338
4352
10134
17704
17853
17457
275
6522
8511
17023
985
15339
19430
16906
9066
4736
848
15998
13100
19447
6272
12606
3640
16445
6772
12170
9772
14316
8731
6768
17347
8650
8419
1376
9070
13450
9555
4635
12976
1609
10316
1720
13275
17476
1858
5502
2623
7444
362
18663
16235
15937
1408
8885
10606
1433
1011
6032
11701
688
12748
570
18830
7004
10890
4352
7338
16202
17179
1804
5472
10801
4103
13074
8188
7860
1805
6122
9746
14405
9421
17576
4309
687
15329
8432
12561
10538
10257
11480
11343
12476
16458
26
9285
1757
12329
12683
16941
7280
12761
17347
8679
18711
3410
4776
4084
1495
10476
17745
25
4230
10046
6080
17585
17240
4136
9105
10104
7458
19626
17906
14623
2770
19839
2123
17727
9158
17153
11903
2574
11478
18512
19363
6249
5913
12638
12844
9206
12372
847
15251
17389
7176
18043
8774
6244
17234
16215
8414
5290
783
15626
18058
9360
3465
335
16000
3250
13445
12077
6777
8781
2379
12129
1102
19590
17643
11274
11413
19547
10921
16406
9863
12964
2813
18402
15208
5928
1760
12239
14115
16712
16610
16753
11776
12324
6979
12286
10999
12601
3217
1032
19204
7216
4627
13349
17458
2181
10501
2758
9804
15417
3545
559
12400
15085
8315
10844
700
14734
1919
5619
3502
17744
16441
2730
12236
4010
12549
16526
2538
6197
3657
15433
844
2581
18523
11346
15562
14176
13256
1244
19270
5539
6204
3072
6368
13137
10793
10396
11599
14701
16566
11361
12284
13319
19934
17564
4253
8160
8432
15903
11029
3390
18724
1079
538
16992
17466
13176
14014
16987
7289
3896
3554
2790
2267
67
3592
12677
14488
12195
16999
14351
16272
15177
9078
5204
12502
6299
1454
13856
11311
2526
12174
17680
2552
16541
18882
15918
17417
10357
18521
13378
13509
15712
8854
5919
242
646
6443
1076
12051
12648
2673
11145
14504
974
10078
2241
18281
4201
3054
19569
14713
9120
7812
7030
4900
10346
966
14274
599
19168
7415
16072
12091
6673
13392
587
348
10946
13055
12225
3447
8068
17762
73
12180
17518
743
5640
4309
7510
5514
77
266
3646
11432
14323
5710
17447
19288
6916
12958
17962
14971
15273
13282
6461
13645
11635
16138
16262
17201
8770
969
19714
7914
6907
17229
4730
18897
15674
8959
493
3039
235
11579
340
19123
17063
6240
8875
13473
8253
14302
16706
5354
1705
14040
13263
15052
13340
15109
13260
16378
7707
15624
7548
9906
12238
9352
14962
8461
9952
6211
5868
11536
5169
16253
10668
10237
15946
9748
18497
6264
8266
2162
10141
15225
1335
18885
2962
1454
10120
15005
16382
14295
11820
7064
292
10371
13709
16262
18206
16031
9617
12705
9012
6494
2734
17777
7796
2567
17572
4844
7280
16286
1633
7704
10219
9888
18167
10803
432
16213
12265
8139
11655
12618
14159
19317
10585
3543
1009
14947
5627
11076
5706
11068
16895
10115
2471
19601
878
1860
8489
16241
17956
9368
4510
8867
5324
19432
11304
7533
15723
12836
2785
6266
12761
3443
15051
10958
154
3529
6876
13815
2647
2535
1663
546
7609
7737
14321
17144
15536
7275
3040
19738
14555
2589
11207
4882
13815
14680
4799
8603
14292
5692
4188
10144
15686
3650
19279
4497
15257
18559
6093
6564
18049
6549
7393
8325
9048
10358
2015
7267
7253
2949
3814
19703
8778
4488
16416
18908
18358
151
19333
5511
4757
15910
759
10201
2534
16029
159
7205
15150
6520
1116
1486
13868
2737
2139
6685
2962
808
7353
5353
3625
6739
7799
6885
19453
6573
17792
9108
278
16178
8936
12580
3333
7483
18043
11506
13567
10179
4616
13391
12291
4159
7504
18083
18451
18731
15395
8838
2268
16250
10110
18174
7443
17019
4609
18489
19886
3019
9502
5463
15658
9397
1561
17465
13288
4775
19994
12398
17155
4475
11582
4759
13301
5545
17607
7056
14568
19221
16852
11670
15128
6064
9391
17958
17706
13854
3608
18306
2178
1762
1462
8477
3774
1759
5919
419
11563
13739
15091
8322
937
10137
1748
15410
16504
333
18952
14934
13908
10442
3706
5597
5314
12421
5245
9214
19508
14758
12029
12777
10611
3552
7518
5161
14452
9639
1154
2262
17112
7538
17590
13051
7551
12427
329
13094
7850
4048
10462
7943
184
19510
4463
581
6846
9490
18351
7161
10607
16938
10319
2248
16115
14726
5098
12450
536
238
8343
3154
10231
13404
16877
9184
1924
17604
16714
24
16862
12966
11080
4973
13851
11787
2489
3656
15202
16382
5916
14799
13203
19754
10503
4937
7739
19543
7331
8842
2780
9164
1290
8911
15597
18936
15957
9712
18928
1587
740
19742
12375
11161
16698
2261
12055
16667
4601
11470
11176
8793
1278
6299
12877
18289
13815
2067
9729
12744
8913
7138
5105
18910
6281
4763
11658
9346
11077
8182
2602
7031
4175
13777
5295
18323
6013
11161
5478
12277
14157
12831
573
2013
13966
8107
3075
15555
18383
8714
14774
19692
18861
15658
8169
7912
6720
12674
12971
13767
4532
16774
690
15491
18368
16890
13582
19406
15707
12684
11952
15966
19246
17747
7308
6845
1646
12792
1295
15931
14193
17517
5330
2084
17627
761
9440
3909
13413
7191
274
12922
5783
132
2645
5744
10
2815
15762
8015
7286
13875
7494
19883
11524
11666
10946
8722
6507
14096
8254
6136
4527
18517
8277
9448
15959
7313
5658
8121
11967
15019
13394
2916
14619
3455
7722
17303
16108
18915
9014
8004
8319
18259
12647
10348
466
2822
5756
18730
5140
1441
14935
4097
11605
17586
11014
7795
13309
6284
5701
13871
11654
10365
810
1377
1951
19579
9181
6790
13719
4443
8318
7853
7477
18592
15276
15662
8210
9300
16756
3183
10490
1310
14307
5133
11645
15099
6346
18333
11897
18049
18493
440
14322
6143
9051
10838
15809
18823
5094
629
5336
10310
7718
3999
14384
19532
6693
2381
5873
12726
8375
16960
12771
11911
17368
12771
13284
18498
16264
18301
9544
15229
16860
19488
4467
1129
17256
16834
11409
16396
2615
6945
16209
13933
18166
8669
10129
2934
8015
13711
10789
18324
3647
2141
6355
3711
4597
2947
9223
2986
19409
18016
603
783
18873
6543
194
1221
18912
19320
7777
872
4517
10538
17373
823
10287
14200
2531
4171
4692
8111
4766
4705
11277
17053
12363
5486
17275
11149
11367
889
17822
9464
14389
6645
1757
15423
34
12236
9999
11580
1418
15073
2419
1420
2935
5795
2947
14391
2059
698
13684
4613
7817
3096
16502
6983
12488
2967
3176
226
4106
2062
7891
2395
9993
1416
14138
15225
19075
15851
11809
14109
5163
18573
15631
18814
2801
17944
6588
14531
1039
2673
15799
11740
16067
4444
4307
1618
1141
15054
5443
955
13101
11410
16361
19839
13251
8057
1575
959
17469
19937
16637
8982
18932
15435
16323
5169
17473
9044
17199
12675
13310
527
10226
12822
7816
17580
15711
16230
16045
17351
13232
17982
8873
895
4605
4903
15289
14667
19581
1261
8463
7319
6000
12591
10639
14199
13262
8413
13178
14106
8500
19996
13143
4015
12582
8343
14986
14679
19845
4161
17790
675
2304
1011
4247
15295
7767
15829
15233
13434
4751
6776
15282
13991
3980
11947
12733
8510
16921
9824
18404
2812
15897
3305
1185
18005
4005
11558
13811
11540
19949
12788
16758
17645
10472
3325
17878
15630
1974
13120
17871
15012
6488
7044
2748
19536
3945
4782
5007
17613
10769
6502
19836
12628
19255
10261
15727
6314
13617
7831
16760
2292
14978
6348
7644
14306
9825
13922
18240
13070
930
3352
13157
3415
155
138
7543
11107
4283
11097
17937
13741
9948
11732
14354
10281
13773
15783
4660
8925
19993
8208
1002
6415
19527
4801
5265
14769
11869
121
14376
18813
6693
11527
19973
9358
5658
1388
15569
17818
3882
500
1547
15963
13359
15296
17879
9997
14180
2869
9663
44
3135
7130
14441
3977
6353
18700
9295
9323
2856
16431
12136
15532
3392
9462
7775
6119
321
4637
6694
10220
121
14744
11464
7386
10653
17357
8429
7857
1661
16984
18845
18897
13205
9232
18656
18789
13566
13497
12732
6737
19052
12387
24
6607
9354
16951
5265
3994
6366
9232
16986
5075
4694
547
11421
4395
6143
7401
459
17088
14192
7527
12290
9332
18956
347
8123
3324
10501
14822
19861
11655
4723
379
18202
4843
6637
12655
14523
18198
9384
7767
4977
17281
9707
1156
10737
8062
18786
383
9779
16773
954
1433
19491
362
2564
13602
18557
5902
29
12922
2351
13050
19360
6526
4140
6608
12074
16249
11787
19366
15692
4766
8586
15854
14036
540
3284
3328
2446
4700
13208
18551
8446
15344
13907
7051
19230
1606
18139
15356
5061
7791
11800
1355
2097
5371
18823
10198
18144
3400
15558
11663
13014
4621
2510
1930
18981
18542
13348
1070
355
17060
154
6360
11065
4240
4497
5959
15159
12130
197
823
9741
12147
6890
9966
10320
2814
18229
3331
7870
5314
19251
15375
18339
11637
4256
10033
14979
13329
2688
17972
1938
155
7804
40
12992
17584
13967
14178
15967
3453
8322
6313
19221
12769
6904
1721
18288
13844
18624
8273
5900
4632
6811
12283
3180
17267
3555
9268
1553
7439
133
4913
18399
9846
12641
9311
12974
17736
368
17642
19328
1818
6694
3929
9383
19667
1291
7282
8993
9424
3297
11129
16999
13230
15426
9708
6967
11108
8714
4639
1362
383
14942
11720
18324
15155
2084
17082
6446
6442
13213
17858
6555
19426
8871
16653
5364
8039
18210
1816
19865
10270
13592
14833
18528
9941
13848
17427
7013
12811
12177
13748
5508
12677
4092
18670
10731
8285
3578
17925
7014
13967
14022
8850
13658
19492
1360
7935
562
4707
12548
12111
9222
15705
15833
3870
8009
8871
13707
13795
12154
15941
14713
9149
783
4893
11361
5164
5673
9815
10063
17467
12227
11974
2758
14078
732
10004
954
8759
17294
13736
13978
8898
12274
11062
8807
7738
5527
8690
4600
11700
7361
17904
8204
1982
18683
11024
9526
17597
18612
19267
7425
19638
13570
9820
12522
16448
2156
654
19663
1147
5332
15739
4785
15929
18805
8482
14601
18700
16191
9401
4475
7733
18419
18117
7299
1551
6938
6616
1737
19291
14981
7928
4563
13167
6022
10095
11428
6573
15366
13976
15436
10704
15811
6986
18436
18608
8538
4491
4327
5251
13847
19375
16717
14862
5393
10712
2480
7616
1766
17991
4199
17042
6886
844
16616
11616
13338
17354
13271
4236
15165
13966
2922
6990
13763
17889
13978
11220
1811
19114
3595
14827
17997
332
5037
19151
16861
10298
17908
746
10055
14622
14223
5745
3416
10993
10134
2977
19804
457
12549
3338
12545
7412
7960
46
18604
9586
12727
6247
13749
19055
11134
3212
5940
15950
3067
167
18907
13305
3611
659
12984
14158
13612
6843
690
442
1180
16622
15984
2886
11790
18932
7959
9880
19545
10476
15164
1514
6948
2751
16842
10738
9771
19567
4
8190
17628
6756
6207
1251
7742
8188
9317
6478
1310
3788
19531
11684
14513
19270
905
19684
7959
14577
6505
9740
14722
568
18176
15867
13628
19931
9525
9682
18975
11038
8940
3747
16864
2026
17256
16165
17721
19692
14467
19313
8084
12163
16379
11956
16160
19107
1067
19222
14209
17142
1619
8887
19266
5091
99
17757
12384
6890
13286
12219
8923
4859
13388
19546
16581
19457
14041
14083
14202
9749
1077
17295
18256
14046
12880
10252
8019
2115
11890
7297
3107
15242
15358
10635
11086
2425
6093
2457
16457
123
4860
2861
16961
322
19375
19510
3958
471
13244
2470
3767
6177
4986
12204
14070
1014
13960
16153
13462
10800
9896
10728
19969
6895
4763
17068
10521
10512
1016
17944
254
3401
393
4475
12842
9520
13803
9662
7164
8809
5517
8664
18819
8000
3295
19917
19963
11094
11840
13996
13480
14358
17032
13163
9162
14122
11295
13972
2280
11874
16583
18909
2464
19988
1853
3739
18684
1118
14099
19841
16292
16528
6435
12397
2322
784
17365
11621
11576
16206
6196
11751
9926
5292
3517
19265
10700
6988
7499
12639
10652
15638
15542
18252
11648
4903
9813
18826
12281
13546
9190
13496
16676
1650
17334
10027
17018
4689
15118
16476
16908
17062
3918
1335
8564
643
1314
19562
16686
14253
1460
12811
7599
7930
10419
180
17238
5900
10630
15875
10677
493
1913
1932
11749
10602
8724
9532
8571
7008
8241
13042
13253
2275
15737
901
14969
12373
6504
6668
12732
18630
17935
6577
1322
6631
3083
13814
2361
8607
17667
8809
9136
4498
11339
14152
2494
7968
19566
8543
15489
7769
12416
15763
1505
14184
8107
2819
13914
6385
8028
10326
8243
14336
4181
16936
18468
3707
14297
6156
14573
11243
16519
18418
9562
1102
3300
18617
1468
5404
12414
14639
7743
16143
15221
3097
4491
8802
16073
14619
14024
14506
8738
7409
844
11909
7881
13997
6728
17543
3760
3640
16553
6208
18995
2774
6118
9014
19769
6520
5055
6370
2211
4783
7260
17030
13038
710
5737
11751
7120
1021
10963
7761
5991
12739
1965
825
2309
9692
14996
14315
19343
2359
1318
16595
14204
10975
12389
2172
569
9426
18384
9837
3469
16324
7291
6870
7342
8881
16606
6466
19655
16008
6817
14065
4606
19427
13380
17282
17851
6206
15867
11294
4566
14106
2692
12935
17664
10460
19913
14225
9915
4022
16978
7746
14218
17862
8104
17880
2721
6609
15595
12073
4202
14583
13388
16272
13755
14506
10418
1486
7177
14013
16784
1486
1354
16258
19812
9172
19402
13890
17275
2801
1958
9740
14107
13075
8062
14110
2124
5602
1708
13731
696
6286
2683
8870
14151
10962
8275
5106
4753
19600
1800
17860
14195
14360
4586
16067
15564
1190
13913
1417
1401
10539
2544
18431
17405
17157
17466
9513
7393
7236
15888
10952
2308
18868
17131
17599
10274
4083
5127
208
3910
3748
4653
1174
12196
5366
14388
1915
2820
8688
1148
10447
11067
14360
2153
2114
7019
8678
549
207
7944
7536
6468
17660
16015
9152
3228
1731
13267
15232
12018
4611
12885
16274
15448
9687
16818
9643
18288
17559
2605
19126
2538
14890
1955
18876
3535
18762
11163
5597
15607
9566
7337
5208
14480
1712
19606
9529
10959
19923
8877
17937
10222
19389
8256
17072
17323
2007
9809
17942
17566
16569
3256
4834
8994
14705
13668
19646
3250
17656
6519
9247
9656
7527
17700
9067
19522
4374
16563
14966
10113
3442
14486
8934
7565
2845
19529
7284
7488
18854
17909
11176
2908
13992
7194
17935
11803
8111
16574
17120
14342
10715
1995
4219
15773
19688
6223
6378
16274
7919
4822
85
18597
19314
832
16951
5840
16340
2388
2055
228
3902
17281
18656
14108
15862
15939
464
10146
5243
8294
9624
1290
15228
14326
7752
3184
10808
18516
5089
2168
5757
5472
1600
15119
3543
2199
11231
8215
7429
1871
8231
11306
4567
12820
12323
803
6607
11679
5111
11119
19545
14537
14696
7261
16310
17648
13593
4683
1819
7725
18183
12180
16632
17310
2810
10270
9512
16816
6098
45
18530
11149
2041
12146
15367
5142
12482
10839
9549
11959
17516
7554
10810
8364
10870
8441
18189
3369
11490
6193
2154
6036
254
611
11416
1273
18656
18130
16862
354
4966
5576
5877
14613
15847
7806
11307
3199
4380
15967
3262
10758
10510
9331
3898
7237
7084
4594
12028
4053
12350
10131
17014
17062
9251
2165
5062
19155
5455
11743
13077
15917
8445
4384
7410
16487
8981
1644
11392
17993
19307
624
1873
14858
19684
15330
10940
7833
10186
11492
18656
397
16819
8071
14066
16259
4152
2327
7363
10643
8271
4277
4598
13486
7943
9585
15553
17148
2088
7667
11849
17197
4684
4825
14400
9091
6118
2888
7281
6912
16070
9582
3217
8390
13090
8220
619
7021
18520
5401
5477
1072
3753
14263
2126
6790
10902
2903
10652
7562
19543
12507
2268
3321
7969
11739
5823
12661
15348
3178
18240
4146
8510
17292
3177
2090
5563
6652
984
10538
18230
218
611
9283
13941
14155
10118
19788
8394
14789
7674
1429
10257
8710
21
12366
17939
18079
5307
2527
2572
17746
6436
9195
13557
14696
5574
17036
1103
14811
2624
5723
3899
3337
16614
8299
12189
19029
17237
6936
10839
7702
8809
14010
5156
8139
5186
18737
19476
5464
6216
8649
3860
6714
12405
2456
14539
15320
10978
15755
9304
4100
4543
7527
9612
2052
13129
3287
3296
4435
16659
5781
3835
6149
8528
7382
308
19198
3575
1423
4693
2349
8595
3704
5231
13424
12243
2024
19794
15965
4668
11131
19165
9355
4626
12019
2360
17405
13816
9493
16226
8740
305
8001
9699
6409
1026
900
11241
19435
9902
7858
6850
17542
11297
1159
6747
16118
6485
4927
454
15283
7097
1796
7947
13669
15239
11215
1329
14451
8791
7751
19003
5467
19962
13602
16864
12112
8210
15274
7371
6519
8389
5323
10554
19897
12918
3984
13953
10674
13379
15489
14505
18726
18531
1348
408
16633
12643
17268
8064
18725
173
1832
6906
13629
10242
4368
18337
200
2799
5320
2907
12418
4802
10940
14436
83
242
11649
3090
18043
8154
19078
4637
2776
1591
18265
6255
8763
9463
12977
14177
3090
308
16495
18166
10252
18895
3871
5768
16609
9873
3338
4661
12706
13824
11757
12226
13346
8060
16609
13250
7497
15415
9523
13977
16575
10742
13315
19536
9084
19360
17850
17696
2156
18361
19925
18755
12846
11322
16226
6459
6911
2399
17997
15085
12396
13609
11158
11378
15313
16370
10309
12896
18082
15212
604
9070
10767
1757
6007
13221
14640
6973
1005
16104
10263
9069
6467
6793
11560
6633
11529
10311
14098
1370
4640
6418
2090
3185
12491
18905
5697
4498
738
2020
14150
14851
3285
814
330
433
9991
19796
19325
14411
17795
382
6834
4043
5689
15836
9438
11042
14734
15357
2397
6664
18002
17297
12959
12809
2819
11616
6830
16825
240
5378
13124
10020
1782
3267
5219
14243
8798
11233
19362
11623
8704
9641
8515
7144
18469
6888
13080
16265
7616
84
15396
6847
14199
795
14631
12272
19067
11997
3068
7604
1527
5826
12298
5279
1448
8893
15056
7457
5083
19455
11447
5999
4871
16775
3476
13572
9583
9164
19640
19200
10785
13818
12756
4672
19581
8500
6573
9389
18448
18612
1637
1772
5419
18349
9346
8308
14098
18457
13895
4231
289
6059
5679
4582
19711
13048
3227
17899
3685
10744
19205
12458
5550
1210
9122
10021
905
17937
8400
16174
10518
10060
7075
17154
9535
15490
13455
5521
18484
13154
8449
14543
18391
12854
19905
5921
1396
19530
7137
9059
4319
12474
6715
10865
4446
13819
19150
19254
19974
14600
3778
14125
7017
15567
18793
14968
18728
3713
14665
8376
603
73
4897
14572
4837
10604
5598
16279
14348
19861
3486
6306
6351
1239
7510
7515
13938
17054
1053
5553
1096
11781
16243
10789
8564
8559
1602
16125
14731
13608
2882
13090
14493
6820
14760
8425
6444
357
8673
5456
14731
15394
11386
9587
8212
7221
19052
10976
418
650
3456
19848
16661
17605
7240
454
10865
12404
2865
13263
13055
15848
11611
15287
13224
16033
16006
10359
3979
17414
10284
14524
12272
6822
16456
8328
4383
12933
14891
3032
218
15995
11819
5976
9053
5499
159
5280
920
2188
15626
8199
15387
991
9352
9122
3629
14660
1088
12330
12083
13692
6252
11536
2190
6080
3218
14821
7055
539
15478
5800
10418
8133
14833
15280
14961
9131
1083
19921
1123
5638
9397
18894
9140
11149
4152
19320
3873
9168
15045
16315
19414
14189
8023
7029
9767
6748
19557
4822
3908
4768
7884
6338
4048
1956
1782
17884
6173
19510
16333
1738
19173
4953
11841
9858
13781
18234
15084
894
9480
17642
14008
3535
12179
15509
3619
5969
16986
5689
18060
4256
13088
1798
19452
16514
7448
17048
18161
10981
8343
3017
6128
5049
7939
10706
13838
7172
7333
13397
18654
14858
2020
8269
10565
2878
14928
12008
14461
10392
17155
15940
152
19127
10686
17851
18784
821
6770
12659
7927
9613
1731
9098
11561
18949
9302
17906
16928
18403
13932
5048
13909
889
15068
5223
7963
8682
18498
5351
2667
10651
17202
8667
12290
13807
10828
19551
12873
9090
19569
18618
17944
9645
7907
13325
17210
1841
17584
16865
12701
1752
817
6023
5301
11691
1712
4659
15071
9486
19236
16170
15087
6280
6334
18976
10222
17863
2427
13546
7426
17531
16635
13572
3086
5815
1536
12169
9282
18469
17140
18121
12089
16434
18101
15038
9354
567
18946
14039
274
12533
7326
14060
16037
11359
14857
18310
3827
5511
5102
13749
12904
17489
19632
4727
8435
7860
14878
2421
1998
13815
4027
18998
5894
3319
15488
13074
5712
5459
7115
13177
4187
12042
7908
2149
10822
5838
14924
9021
6261
1493
9841
9593
5070
1051
8677
8363
4559
7680
19131
19946
12237
1477
19071
18065
15110
6970
620
5996
7293
15121
9288
12829
19588
9064
7662
11995
5054
2625
11937
7679
9642
10213
11100
15346
18261
13307
6723
11159
13109
4861
15485
2032
13256
724
15304
8465
9116
15783
12444
9230
11356
17443
11267
7004
11125
16618
6982
1151
16906
10732
18836
0
8634
7133
1041
16511
2854
367
10193
8960
6040
19739
19702
8842
11627
19711
3589
12375
12725
19747
10881
17338
15449
9803
14926
6936
8619
18212
14588
19256
2890
6789
1461
16975
1599
5209
6970
17628
9207
15957
8451
12060
18364
7443
17909
1339
15091
13743
5788
19364
16660
17997
8757
5118
6594
12470
16028
17932
7909
16271
12055
10083
4169
15529
10987
19216
12060
10115
6276
3413
878
18556
2440
477
13158
2753
2957
9914
12994
6296
9860
5195
1444
1682
14629
11359
8186
9568
16543
12924
17937
18438
11942
7823
16641
4144
14328
3462
4166
13122
19897
9808
12153
8709
14651
3188
6192
8542
7329
8409
13651
5160
18942
18284
138
7022
10947
5058
13922
11718
10576
1684
8836
14512
765
15415
1258
9584
8911
4043
17219
13870
13885
5303
4776
14880
10182
3023
11938
6079
265
11646
11062
18306
2579
7594
13714
4650
10321
6340
7074
12285
12777
19618
3439
19013
1797
2960
14536
4500
19913
13609
14947
19399
10349
9846
17691
17960
4805
5806
14983
13422
2127
17761
8263
12617
11919
2377
12250
10508
17813
1314
6254
5869
19213
13142
5753
7946
12025
5895
19745
14369
12023
17709
15686
15641
10426
1838
607
4145
15905
1012
12387
14026
18654
11558
6669
19699
17491
14519
4676
19716
3026
15227
16444
2323
19479
18394
6670
9049
3903
5420
6470
8974
6631
5098
13880
9170
3116
12345
3746
16297
6277
14002
16997
2824
7522
9670
14319
13509
12493
13263
3527
2997
11519
1812
19547
16119
1097
54
9648
3084
10017
6846
12230
19772
5486
193
643
1062
18978
13378
1718
1453
10054
4407
6963
7346
11803
15781
6623
6224
9665
11135
14495
18404
2429
1720
13470
6362
16755
8929
10864
7825
7654
17229
17621
14713
17680
3799
3446
16225
140
7939
19541
4291
19459
18220
7768
15691
12925
18331
18128
7452
8788
19404
11726
198
7862
15390
4145
17101
690
7658
19618
1696
14692
6064
5971
8868
12605
19901
1092
17813
10826
946
5636
200
12479
11512
18799
12820
7439
7841
9393
11952
18977
4219
5481
7812
3786
5965
1824
8632
19423
17582
6793
11305
15057
19720
15464
11547
14611
15826
13158
19258
9522
3167
11982
12053
19217
5045
597
10930
1295
11701
9812
6295
5566
2579
16627
12329
2062
7978
1226
3199
18959
6355
7630
14540
4941
18398
854
2354
10936
7086
14692
5516
18476
18375
3372
9883
9975
4323
3238
16393
4426
19034
2384
18088
12229
16889
1257
4336
18286
7558
14761
18100
353
11216
1323
4478
17399
5827
15102
2569
17536
4810
12168
16437
4319
17561
7776
3650
1691
4098
9041
5323
3656
2485
2008
13836
16894
5482
11315
7849
5231
6913
6807
789
1793
16079
3372
10265
13912
8703
10360
2575
6066
5125
16979
19381
13614
13224
4862
16049
1309
16018
5196
7210
5997
18433
11798
5758
15561
13257
19819
13945
12682
16370
10723
7689
16399
19304
14832
5343
10412
19813
5770
12357
7113
11969
5172
17042
7196
1312
15200
3568
14906
7912
8505
6899
993
6976
11834
16737
6426
6465
5191
15764
2313
19130
17685
5797
16421
4526
9591
2679
16385
13404
6630
18794
9070
1655
4292
6604
10815
17273
541
10111
18421
5570
16815
9171
155
4125
15647
10952
9507
17318
8508
17826
15083
18053
9771
3170
18726
3956
10309
12262
16500
723
9064
16076
9815
6593
17824
12018
541
12234
2383
7455
10459
16326
13198
16254
4512
15949
11623
13235
12969
16638
14506
10653
2310
11407
11216
7396
6066
5855
16927
16711
3871
10418
7450
16223
15353
13780
7823
9746
1931
13326
3417
9696
14846
4014
4806
16451
11939
2823
13670
11651
14636
9328
2366
18231
7828
17853
6976
12564
5195
19093
15409
5053
11129
7303
4662
7520
4732
1487
10091
3337
15211
18509
12012
18194
10944
11806
14990
2963
3813
15315
13292
10057
2142
16881
17094
8891
10202
13808
10139
14845
8651
11366
11008
8521
18342
1008
18995
17390
11029
5288
13772
18493
15109
17772
7557
3275
13096
6193
6342
3007
17490
15923
18722
14098
8032
5035
10062
9880
13059
2502
18317
1219
17655
13652
7871
10661
5173
9998
6283
5179
17429
18734
627
14279
17929
3636
2584
14696
3976
13110
4800
14528
18122
4523
17247
8265
19607
694
11764
17027
2233
1739
13188
12513
15335
3692
153
5934
7569
13099
10667
5363
7492
10263
367
13334
17462
13881
18317
880
18882
7576
19013
16397
2380
10417
5434
5794
12222
11996
13305
18254
2315
9732
414
16593
42
8771
16635
16954
3092
422
6772
17293
358
14442
11690
5346
16469
4736
12462
14073
8945
19100
17166
17824
828
11771
14640
15844
14688
5481
4002
17359
463
3379
6140
10925
5018
39
9857
11624
9843
5082
19717
9843
16621
5370
5949
8481
5556
4613
8997
2218
9889
13195
4072
12563
8105
16072
14809
19457
7648
3246
9533
10982
4253
4045
8277
631
2934
6027
5083
14838
16113
9355
18813
18479
2409
1800
16273
17968
6028
16440
308
8480
11033
15054
18231
7601
7793
9054
12055
11084
8748
4431
12903
1966
6148
13489
7999
5459
10538
12842
18141
17639
15039
2536
15153
9925
6677
17746
14624
978
5018
15198
672
87
2721
12056
168
8612
13159
10052
17190
9256
17202
2725
5939
14117
6216
1963
14319
18795
3943
7033
13443
12504
15969
8971
7754
17699
16852
1871
13302
19583
5618
14952
4981
2336
2686
7780
12380
8542
17984
11311
16197
3958
9329
12123
8425
3899
3212
13231
3583
494
13573
5086
15088
15141
5011
5185
19848
153
17276
16984
19173
3012
912
1941
5831
297
4382
2510
19772
7632
1272
3694
5784
6847
10106
11027
15546
17088
15269
14887
3414
2530
7564
16149
9786
3761
4395
4799
10768
15267
5444
11148
234
9645
16250
15962
5445
17658
7447
9760
1842
8884
8398
3587
7466
17176
19042
10636
10779
14601
8548
18062
14654
12556
11300
7975
4729
3899
11674
965
11050
8320
9317
16324
19613
12664
14106
19988
15187
15342
13509
3685
15059
4818
15420
4703
17878
11421
7596
19129
14504
1199
11357
15413
11823
10896
2506
19963
14014
8939
5113
9340
11040
16202
16731
5370
9098
5833
13560
12763
4424
11615
17361
3311
11213
16919
11953
3753
13066
13193
5586
10797
3034
6255
8410
11431
28
3199
12369
8189
72
3524
12642
8230
6821
11680
1901
11024
16721
5303
13765
18952
4792
9800
18088
13827
8715
2754
10776
3123
16067
3853
18275
760
14861
16779
5155
12173
9398
19960
19649
5998
1093
5471
4449
4618
9186
17471
19822
11671
19932
6455
6277
12715
5122
10746
5583
15185
1279
15339
10406
5817
13657
19497
19273
18915
539
11047
1402
17578
5851
1123
9137
9713
2815
15319
4951
19756
1520
9091
16520
11525
3922
313
10051
11871
4849
5607
19356
3275
17226
2120
16264
18775
18411
2366
9413
4807
15065
845
17617
1788
13186
15205
7073
13888
6469
3919
2257
8651
6299
7077
6840
19172
5714
4494
9068
17720
12323
16938
19309
14702
14320
1759
4720
19304
10152
14886
13838
12081
9480
19123
786
2729
1627
19700
4470
4950
3229
15016
2832
8642
15901
7083
17113
4297
1434
2447
2015
15992
14421
12539
19582
6271
5070
4860
9720
2665
446
12696
12487
11801
19339
4247
9858
5078
15659
4487
19260
15771
17768
9492
5346
19861
4256
13300
4711
19975
14365
3644
6462
14241
14649
14960
7571
8011
1198
14671
5300
19981
19715
10024
12508
15037
7749
8882
3023
2413
13062
19012
14826
10710
13681
7165
17422
15845
7370
7472
15466
17548
9830
9333
16606
9040
14642
5419
17251
12701
8643
3444
69
1540
8067
15225
5997
13723
2724
13204
8505
17144
764
16287
13235
15391
8464
18005
17530
16260
8907
18151
12282
2558
18524
9524
2630
9651
15189
11920
17707
17474
12976
10465
10553
19361
11807
19402
465
10326
14507
16927
599
5037
7766
751
6970
7383
5196
4328
17321
12769
9453
17923
16273
9727
8304
6571
3148
3314
15648
931
17353
19788
18665
1320
1729
4711
17451
12380
890
21
911
5616
6697
17649
305
599
17256
4303
11812
3913
16034
2259
17525
1244
7555
19747
4494
11837
17219
16824
9149
10268
15011
18813
18082
3354
8149
6389
13025
5352
12150
3342
294
15121
16299
15371
16433
7420
13698
12201
11897
19272
19241
16696
16330
1837
9428
8386
1433
1285
5779
4185
1208
12480
6762
19529
10766
12831
18746
19087
5403
4094
1646
15573
19804
12143
7614
10574
5898
14166
779
4586
16407
18775
1394
7159
5087
10819
9273
18937
5965
3539
12746
8043
17878
13895
13684
9495
14307
13904
14065
2551
13302
12208
10496
2363
7019
16673
7895
9657
15792
19131
13975
5015
12646
8747
7073
391
18574
796
18913
3537
4601
6719
653
18130
7186
13657
11419
6616
18283
5219
13588
125
5638
17871
3477
15542
1868
11002
7092
18262
18748
15755
19949
1106
4020
4506
6031
18688
13090
17790
15445
2505
6117
2333
17798
5847
19781
9054
18848
13832
4557
113
6599
3114
10612
8374
19607
16876
2273
13695
6469
7016
10348
17493
3257
10438
11464
3701
2172
4081
7017
9207
17112
13700
12999
14807
19694
3682
16786
14583
7310
7551
7445
14458
13952
13226
6358
16379
6735
14387
4765
5127
6574
9813
15854
13536
9629
14225
8133
17006
14939
10688
14839
13946
11476
5924
9542
18883
18476
9293
3171
18135
4108
482
9296
12534
9862
12104
16799
4534
14039
18377
19432
17957
16002
12960
15071
12720
4690
19710
1328
6162
14750
17515
16318
13600
15765
4923
2438
11594
6805
1817
4328
12893
6547
16184
13853
6380
2477
15510
18127
19975
19492
1090
5178
9698
3239
11912
18266
12945
10195
575
16411
17601
2217
5669
2294
10528
2570
7438
1944
18510
6541
11708
12913
4850
14326
4024
878
7633
19247
12342
9793
12960
1182
4903
541
11219
16743
11194
14780
7383
12545
17535
7807
17342
13589
19963
19400
2787
15806
7994
10987
16617
5986
10123
8400
7480
16491
3265
10515
17079
13836
4031
2618
14204
8042
5417
6588
11748
7766
11351
18063
18457
2309
13916
10226
5120
202
6879
7375
8323
2242
2220
13963
9336
2139
3124
1928
18331
16732
3545
592
5966
2099
18489
16841
13489
9041
13640
6663
11401
15765
12831
18907
12911
11759
5256
4054
8943
9934
4646
3605
16394
5316
7053
4065
15882
6739
12626
2385
17998
1088
16779
7822
4358
10944
10692
17773
19872
6372
14766
7560
4408
3593
14124
3241
6030
1039
6517
5760
14269
16609
14859
1317
13357
12800
11759
12928
11456
13237
11358
17527
1117
1906
3525
2878
9711
10076
7199
15239
17712
7165
18157
10988
2118
8481
12893
13141
12336
3238
5231
9084
17181
11549
11363
6980
19140
19387
17827
16194
7835
11591
13339
7790
17760
2619
6924
1362
2816
16943
2432
16582
8319
12620
13827
15647
9144
11306
5729
9430
9727
7288
6294
18003
1245
12692
18271
15735
16661
16491
13894
12676
5151
7321
15249
12680
6076
10487
19777
3893
8276
13593
5148
16027
9536
12240
15841
10421
14591
1365
11845
8790
7377
4050
5823
15096
15847
15446
11510
18833
7720
2794
1990
2890
9017
9163
6511
2587
18613
438
3677
401
12800
6633
5264
13201
17676
19063
16769
18735
19535
18012
1910
12383
19838
12596
4274
8800
17653
11993
1672
6892
520
10785
1320
6708
6424
18837
4193
15225
4203
19059
12325
11827
13827
1705
18840
8054
1828
9206
8834
7159
11322
5084
288
2211
5041
14061
13039
17262
9179
4104
12532
12931
2164
4938
12911
3953
12458
12318
8754
10239
14947
9970
2138
14672
8824
15770
7371
11476
1236
19984
6202
12725
9056
4112
12077
11413
2844
19727
14503
4479
12200
6644
1932
29
3082
8844
12514
2044
18606
186
19672
15724
6260
17482
9175
875
249
6883
14933
10086
6789
9800
7058
16623
11119
15748
8176
14766
469
5488
14943
1878
10662
4556
5738
19592
13229
6363
8606
17876
1400
5179
16242
2817
1571
14187
2444
13446
19719
1492
14107
2622
13706
19191
9008
6902
17141
13664
14383
10354
18680
14722
19155
16043
19330
5841
1731
11251
3539
2650
8773
11795
14532
216
195
11357
17313
12024
5055
10539
7780
16525
19438
6726
6088
6933
836
13243
6760
10529
17124
9531
18000
14888
7463
7139
18545
4547
1054
7839
9697
16043
11152
17293
12319
4423
13765
4332
11617
16705
11302
2137
2269
15248
16302
16437
14780
14456
6648
3561
12885
2115
12003
4254
6152
9222
11757
13116
19754
10302
5487
17086
17343
18021
6913
12715
1839
19338
7860
6940
19474
17057
13394
6471
15872
14374
8953
1074
8585
5871
18292
13769
7150
3794
19909
11950
4095
4901
13892
938
99
3216
6010
6315
13393
19251
19214
6861
6104
2058
2056
9579
2107
9396
19398
4632
7769
3966
2159
18764
17679
13561
1201
2966
809
4342
16808
10066
13634
3386
1432
16822
6760
13512
9840
15424
8358
11063
15932
1074
3209
17145
18726
11492
11814
17881
2647
6092
1412
5539
10950
16093
14234
16766
2781
19207
19423
19288
941
5197
994
15459
12306
8160
19788
4963
13696
16704
15929
1868
19194
1095
6998
15223
4175
10036
18728
15480
19057
17417
8725
16152
4113
4868
17774
6904
9161
18179
3149
9281
11622
8306
16769
1048
9566
628
5259
7643
14131
11721
10090
1574
12102
4067
2238
19057
12759
18700
13291
16931
5371
16526
15130
8449
3395
7674
13599
13347
16363
3522
9156
15491
8982
5664
12252
19660
12975
19907
18543
2975
13271
9370
18554
19824
19352
14712
4898
14183
3994
15473
336
3259
3217
3886
12718
1463
4221
16088
15698
2095
1386
9783
19599
5478
15474
18488
3323
4215
6185
17381
6339
3081
17702
6309
9559
4883
835
16674
10915
11948
18702
16951
9855
5663
9367
11362
18873
12582
1975
18117
10404
10354
7187
2071
17467
1206
7120
7951
18873
4795
3118
5219
1624
17794
2390
7319
18327
2630
13300
12326
18930
13629
18432
17152
17067
10042
17083
4839
14837
3385
18996
11127
1256
494
4743
13967
7529
11692
19534
6029
4124
2767
1929
19156
8836
7208
17858
18138
16537
19032
9994
10660
10253
14450
17128
15890
6698
10390
17682
3224
17516
19148
7817
17669
6987
4639
6330
15246
19054
717
16146
3149
5642
9872
6670
5475
899
83
1021
18121
17656
5873
3021
16464
1980
11183
12686
2602
18807
8094
3718
13841
16950
18370
17885
17921
18153
8810
9298
19677
4571
9770
10127
7361
17610
5237
7174
17532
10037
18796
1935
6281
8260
3947
14320
13662
17051
722
12030
14288
10375
12912
18729
8055
15893
3784
16814
19198
4477
3401
8293
12308
9666
17665
6081
12532
18534
15955
3049
11480
1769
7108
12239
380
12056
17005
1852
15306
4986
19786
2163
2344
15475
16738
7145
18774
16955
15309
14267
1182
19376
14523
15802
14012
8382
1029
16649
7327
14499
11365
12775
18359
4499
8292
3106
4413
18983
19447
8420
4106
17621
18164
14399
3355
6886
10884
768
13986
15989
13143
6799
1204
15552
17377
16570
12412
2181
6175
1104
8046
3863
9504
6982
6837
15583
13041
16288
9369
18897
14391
12540
6634
4460
57
17435
7806
7315
5164
